41,3
41,2
41,1
41,0
40,3
40,2
40,1
40,0
39,6
39,5
39,4
39,3
39,2
39,1
39,0
38,3
38,2
38,1
38,0
37,3
37,2
37,1
37,0
36,3
36,2
36,1
36,0
35,3
35,2
35,1
35,0
21,3
20,3
20,2
20,1
19,3
19,2
19,1
18,3
18,2
18,1
17,3
17,2
17,1
16,3
16,2
16,1
15,3
15,2
15,1
0,322
0,243
0,9
0,1
0,0
0,268
0,267
0,266
0,265
0,264
0,263
0,262
0,261
0,260
0,259
0,258
0,257
0,256
0,255
0,254
0,253
0,252
0,251
0,250
0,249
0,248
0,247
0,246
0,245
0,244
0,242
0,241
0,240
0,239
0,238
0,237
0,236
0,235
0,234
0,233
0,232
0,231
0,230
0,229
0,228
0,227
0,226
0,225
0,224
0,223
0,222
0,221
0,220
0,219
0,218
0,217
0,216
0,215
0,214
0,213
0,212
0,211
0,210
0,209
0,208
0,207
0,206
0,205
0,311
0,204
0,310
0,203
0,202
0,309
0,308
0,201
0,307
0,306
0,200
0,305
0,304
0,199
0,303
0,302
0,198
0,301
0,197
0,300
0,196
0,299
0,195
0,298
0,194
0,297
0,193
0,296
0,192
0,295
0,63
0,294
0,62
0,293
0,61
0,292
0,60
0,291
0,59
0,290
0,58
0,289
0,57
0,288
0,56
0,287
0,55
0,286
0,54
0,285
0,53
0,284
0,52
0,283
0,51
0,282
0,50
0,313
0,281
0,49
0,312
0,280
0,48
0,279
0,47
0,277
0,46
0,274
0,45
0,346
0,345
0,344
0,343
0,342
0,341
0,372
0,340
0,371
0,339
0,370
0,338
0,369
0,337
0,368
0,336
0,366
0,335
0,365
0,334
0,364
0,333
0,363
0,332
0,362
0,331
0,361
0,330
0,360
0,329
0,359
0,328
0,358
0,327
0,357
0,326
0,356
0,325
0,367
0,324
0,355
0,323
0,354
0,321
0,353
0,320
0,352
0,319
0,351
0,318
0,350
0,317
0,349
0,316
0,348
0,315
0,347
0,314
0,269
0,6
0,5
0,272
0,271
0,278
0,273
0,270
0,12
0,10
0,8
0,11
0,4
0,2
0,3
0,7
